#2705
1
Br
#993
15
C
C
C
C
C
C
C
H
H
H
C
H
H
C
H
14
0 1 1
1 2 1
2 3 1
3 4 1
4 5 1
3 6 1
6 7 1
6 8 1
6 9 1
3 10 1
10 11 1
10 12 1
2 13 1
13 14 1
#914
14
C
C
C
C
C
C
H
H
C
C
H
H
C
H
13
0 1 1
1 2 1
2 3 1
3 4 1
4 5 1
5 6 1
4 7 1
3 8 1
8 9 1
9 10 1
8 11 1
1 12 1
1 13 1
#1009
14
C
C
C
C
C
C
H
C
H
C
H
C
H
H
13
0 1 1
1 2 1
2 3 1
3 4 1
4 5 1
5 6 1
4 7 1
7 8 1
4 9 1
3 10 1
2 11 1
11 12 1
0 13 1
#712
18
C
C
C
C
C
C
H
H
H
C
H
H
C
H
H
C
H
H
17
0 1 1
1 2 1
2 3 1
3 4 1
4 5 1
5 6 1
5 7 1
4 8 1
3 9 1
9 10 1
9 11 1
2 12 1
12 13 1
12 14 1
2 15 1
1 16 1
0 17 1
#731
15
C
C
C
C
C
C
H
H
C
C
C
H
H
C
H
14
0 1 1
1 2 1
2 3 1
3 4 1
4 5 1
5 6 1
5 7 1
4 8 1
3 9 1
9 10 1
10 11 1
9 12 1
3 13 1
1 14 1
#680
17
C
C
C
C
C
C
H
H
H
C
C
H
H
H
C
C
H
16
0 1 1
1 2 1
2 3 1
3 4 1
4 5 1
5 6 1
5 7 1
5 8 1
3 9 1
9 10 1
10 11 1
9 12 1
9 13 1
2 14 1
14 15 1
15 16 1
#823
16
C
C
C
C
C
C
C
H
C
C
C
H
H
C
H
H
15
0 1 1
1 2 1
2 3 1
3 4 1
4 5 1
5 6 1
5 7 1
3 8 1
8 9 1
9 10 1
9 11 1
3 12 1
2 13 1
13 14 1
13 15 1
#2623
12
C
C
C
C
C
C
C
H
H
C
H
H
11
0 1 1
1 2 1
2 3 1
3 4 1
4 5 1
5 6 1
5 7 1
5 8 1
4 9 1
4 10 1
3 11 1
#845
15
C
C
C
C
C
C
C
H
C
C
C
H
C
H
H
14
0 1 1
1 2 1
2 3 1
3 4 1
4 5 1
5 6 1
6 7 1
3 8 1
8 9 1
9 10 1
9 11 1
8 12 1
12 13 1
1 14 1
#1181
15
C
C
C
C
C
C
C
H
C
H
H
C
H
H
H
14
0 1 1
1 2 1
2 3 1
3 4 1
4 5 1
5 6 1
6 7 1
4 8 1
8 9 1
8 10 1
4 11 1
3 12 1
1 13 1
1 14 1
#1023
14
C
C
C
C
C
C
C
H
H
H
C
C
C
H
13
0 1 1
1 2 1
2 3 1
3 4 1
4 5 1
5 6 1
6 7 1
5 8 1
4 9 1
3 10 1
10 11 1
10 12 1
1 13 1
#810
14
C
C
C
C
C
C
C
H
H
H
H
C
C
H
13
0 1 1
1 2 1
2 3 1
3 4 1
4 5 1
5 6 1
6 7 1
5 8 1
5 9 1
3 10 1
2 11 1
1 12 1
1 13 1
#1514
13
C
C
C
C
C
C
C
H
C
C
H
H
H
12
0 1 1
1 2 1
2 3 1
3 4 1
4 5 1
5 6 1
6 7 1
5 8 1
3 9 1
9 10 1
2 11 1
0 12 1
#658
16
C
C
C
C
C
C
C
H
C
H
H
H
C
H
H
H
15
0 1 1
1 2 1
2 3 1
3 4 1
4 5 1
5 6 1
6 7 1
5 8 1
8 9 1
5 10 1
4 11 1
3 12 1
12 13 1
2 14 1
2 15 1
#677
16
C
C
C
C
C
C
C
H
H
C
C
H
H
C
C
H
15
0 1 1
1 2 1
2 3 1
3 4 1
4 5 1
5 6 1
6 7 1
6 8 1
4 9 1
3 10 1
10 11 1
10 12 1
2 13 1
13 14 1
13 15 1
#686
17
C
C
C
C
C
C
C
H
H
C
C
H
H
C
H
H
H
16
0 1 1
1 2 1
2 3 1
3 4 1
4 5 1
5 6 1
6 7 1
6 8 1
4 9 1
9 10 1
9 11 1
9 12 1
2 13 1
13 14 1
13 15 1
2 16 1
#1091
16
C
C
C
C
C
C
C
H
H
H
H
H
C
C
H
H
15
0 1 1
1 2 1
2 3 1
3 4 1
4 5 1
5 6 1
6 7 1
6 8 1
5 9 1
4 10 1
4 11 1
3 12 1
12 13 1
12 14 1
0 15 1
#779
18
C
C
C
C
C
C
C
H
H
H
H
C
C
C
H
H
H
H
17
0 1 1
1 2 1
2 3 1
3 4 1
4 5 1
5 6 1
6 7 1
6 8 1
5 9 1
5 10 1
3 11 1
11 12 1
12 13 1
13 14 1
13 15 1
2 16 1
1 17 1
#1193
14
C
C
C
C
C
C
C
H
H
C
C
C
H
H
13
0 1 1
1 2 1
2 3 1
3 4 1
4 5 1
5 6 1
6 7 1
6 8 1
5 9 1
4 10 1
10 11 1
10 12 1
1 13 1
#3791
11
C
C
C
C
C
C
C
H
H
H
H
10
0 1 1
1 2 1
2 3 1
3 4 1
4 5 1
5 6 1
6 7 1
6 8 1
6 9 1
1 10 1
#718
19
C
C
C
C
C
C
C
H
H
H
C
H
C
C
H
H
H
H
H
18
0 1 1
1 2 1
2 3 1
3 4 1
4 5 1
5 6 1
6 7 1
6 8 1
6 9 1
5 10 1
10 11 1
4 12 1
12 13 1
12 14 1
12 15 1
4 16 1
3 17 1
0 18 1
#654
17
C
C
C
C
C
C
C
C
C
H
H
C
C
H
H
H
H
16
0 1 1
1 2 1
2 3 1
3 4 1
4 5 1
5 6 1
6 7 1
5 8 1
8 9 1
8 10 1
5 11 1
4 12 1
12 13 1
12 14 1
4 15 1
2 16 1
#677
18
C
C
C
C
C
C
C
C
H
H
H
C
C
H
H
H
H
H
17
0 1 1
1 2 1
2 3 1
3 4 1
4 5 1
5 6 1
6 7 1
6 8 1
5 9 1
5 10 1
3 11 1
11 12 1
12 13 1
12 14 1
12 15 1
3 16 1
2 17 1
#652
18
C
C
C
C
C
C
C
C
H
H
C
C
H
H
C
C
H
H
17
0 1 1
1 2 1
2 3 1
3 4 1
4 5 1
5 6 1
6 7 1
6 8 1
6 9 1
4 10 1
10 11 1
10 12 1
10 13 1
3 14 1
14 15 1
15 16 1
1 17 1
#776
15
C
C
C
C
C
C
C
C
C
H
H
C
H
H
H
14
0 1 1
1 2 1
2 3 1
3 4 1
4 5 1
5 6 1
6 7 1
6 8 1
4 9 1
4 10 1
3 11 1
11 12 1
11 13 1
1 14 1
